560 0.948193958558183 0.0304896611126763 0.0213163803291412
560.168050415125 0.945868359470692 0.0328164273442079 0.0213152131851000
560.336201721033 0.943423665772381 0.0352651477271228 0.0213111865004968
560.504454008608 0.940859408201204 0.0378363724003508 0.0213042193984455
560.672807368843 0.938175482346115 0.0405302782891421 0.0212942393647432
560.841261892839 0.935372155889520 0.0433466614841886 0.0212811826262919
561.009817671809 0.932450073783834 0.0462849317313287 0.0212649944848369
561.178474797074 0.929410261301583 0.0493441090952238 0.0212456296031928
561.347233360064 0.926254124919750 0.0525228228392196 0.0212230522410309
561.516093452321 0.922983451019997 0.0558193125416814 0.0211972364383218
561.685055165497 0.919600402408796 0.0592314314464478 0.0211681661447567
561.854118591352 0.916107512683818 0.0627566520223352 0.0211358352938470
562.023283821758 0.912507678494628 0.0663920736839739 0.0211002478213982
562.192550948700 0.908804149767425 0.0701344326042435 0.0210614176283318
562.361920064270 0.905000517984264 0.0739801135274414 0.0210193684882949
562.531391260673 0.901100702626250 0.0779251634724381 0.0209741339013122
562.700964630225 0.897108935907905 0.0819653071968384 0.0209257568952563
562.870640265353 0.893029745946147 0.0860959642767603 0.0208742897770925
563.040418258596 0.888867938520654 0.0903122676425714 0.0208197938367743
563.210298702605 0.884628577594194 0.0946090833990152 0.0207623390067908
563.380281690141 0.880316964770441 0.0989810317486613 0.0207020034808975
563.550367314079 0.875938617873472 0.103422508830744 0.0206388732957838
563.720555667405 0.871499248836913 0.107927709283183 0.0205730418799038
563.890846843218 0.867004741092553 0.112490649333867 0.0205046095735799
564.061240934730 0.862461126646800 0.117105190228226 0.0204336831249744
564.231738035265 0.857874563030180 0.121765061803346 0.0203603751664740
564.402338238259 0.853251310299534 0.126463886024562 0.0202848036759039
564.573041637262 0.848597708264558 0.131195200308101 0.0202070914273409
564.743848325938 0.843920154101378 0.135952480462946 0.0201273654356757
564.914758398063 0.839225080503993 0.140729163096374 0.0200457563996330
565.085771947528 0.834518934513025 0.145518667340098 0.0199623981468764
565.256889068336 0.829808157146592 0.150314415767801 0.0198774270856070
565.428109854604 0.825099163944825 0.155109854389310 0.0197909816658649
565.599434400566 0.820398326524046 0.159898471621811 0.0197032018541430
565.770862800566 0.815711955221756 0.164673816153959 0.0196142286242853
565.942395149065 0.811046282898573 0.169429513634189 0.0195242034672386
566.114031540639 0.806407449947833 0.174159282129895 0.0194332679222724
566.285772069977 0.801801490549578 0.178856946319063 0.0193415631313587
566.457616831884 0.797234320190900 0.183516450390338 0.0192492294187615
566.629565921279 0.792711724462081 0.188131869641169 0.0191564058967502
566.801619433198 0.788239349124821 0.192697420776461 0.0190632300987177
566.973777462792 0.783822691437529 0.197207470922072 0.0189698376403989
567.146040105327 0.779467092712551 0.201656545378198 0.0188763619092512
567.318407456185 0.775177732069914 0.206039334147550 0.0187829337825363
567.490879610863 0.770959621344789 0.210350697281695 0.0186896813735167
567.663456664977 0.766817601097797 0.214585669096505 0.0185967298056979
567.836138714257 0.762756337671775 0.218739461313954 0.0185042010142712
568.008925854549 0.758780321233108 0.222807465192778 0.0184122135741138
568.181818181818 0.754893864731990 0.226785252714791 0.0183208825532182
568.354815792145 0.751101103712623 0.230668576896786 0.0182303193905916
568.527918781726 0.747405996902341 0.234453371300334 0.0181406317973247
568.701127246877 0.743812327507305 0.238135748813261 0.0180519236794344
568.874441284031 0.740323705141585 0.241711999777162 0.0179642950812536
569.047860989737 0.736943568316749 0.245178589535481 0.0178778421477701
569.221386460663 0.733675187419671 0.248532155475873 0.0177926571044563
569.395017793594 0.730521668107333 0.251769503639562 0.0177088282531052
569.568755085435 0.727485955049049 0.254887604968774 0.0176264399821775
569.742598433208 0.724570835948648 0.257883591261297 0.0175455727900548
569.916547934053 0.721778945781156 0.260754750899039 0.0174663033198058
570.090603685229 0.719112771181042 0.263498524414908 0.0173887044040500
570.264765784114 0.716574654922089 0.266112499959641 0.0173128451182697
570.439034328206 0.714166800431014 0.268594408727504 0.0172387908414823
570.613409415121 0.711891276280389 0.270942120396844 0.0171666033227665
570.787891142595 0.709750020608901 0.273153638638680 0.0170963407524191
570.962479608483 0.707744845419784 0.275227096743623 0.0170280578365932
571.137174910760 0.705877440711206 0.277160753414672 0.0169618058741219
571.311977147521 0.704149378394799 0.278952988770650 0.0168976328345513
571.486886416981 0.702562115961100 0.280602300602501 0.0168355834363991
571.661902817477 0.701116999853432 0.282107300922062 0.0167756992245054
571.837026447463 0.699815268513534 0.283466712840694 0.0167180186457713
572.012257405516 0.698658055065027 0.284679367812701 0.0166625771222718
572.187595790334 0.697646389602433 0.285744203276510 0.0166094071210569
572.363041700736 0.696781201055603 0.286660260724477 0.0165585382199195
572.538595235661 0.696063318601273 0.287426684230300 0.0165099971684269
572.714256494171 0.695493472595159 0.288042719461232 0.0164638079436090
572.890025575448 0.695072294999695 0.288507713200567 0.0164199917997377
573.065902578797 0.694800319284108 0.288821113404163 0.0163785673117290
573.241887603644 0.694677979775121 0.288982469813205 0.0163395504116743
573.417980749539 0.694705610438185 0.288991435143718 0.0163029544180978
573.594182116153 0.694883443070688 0.288847766871719 0.0162687900575932
573.770491803279 0.695211604890294 0.288551329631172 0.0162370654785341
573.946909910833 0.695690115503328 0.288102098240106 0.0162077862565658
574.123436538856 0.696318883240029 0.287500161368245 0.0161809553917259
574.300071787509 0.697097700845587 0.286745725857444 0.0161565732969692
574.476815757078 0.698026240518171 0.285839121703732 0.0161346377780975
574.653668547973 0.699104048287874 0.284780807707213 0.0161151440049138
574.830630260727 0.700330537733291 0.283571377792966 0.0160980844737433
575.007700995996 0.701704983035909 0.282211568002824 0.0160834489612670
575.184880854560 0.703226511376056 0.280702264153972 0.0160712244699729
575.362169937327 0.704894094678636 0.279044510156044 0.0160613951653200
575.539568345324 0.706706540721526 0.277239516973539 0.0160539423049352
575.717076179706 0.708662483624880 0.275288672214835 0.0160488441602854
575.894693541752 0.710760373745715 0.273193550323013 0.0160460759312721
576.072420532867 0.712998467008922 0.270955923336814 0.0160456096542645
576.250257254579 0.715374813713089 0.268577772182504 0.0160474141044068
576.428203808544 0.717887246858111 0.266061298449035 0.0160514546928551
576.606260296540 0.720533370050290 0.263408936589721 0.0160576933599891
576.784426820476 0.723310545050784 0.260623366483671 0.0160660884655445
576.962703482382 0.726215879043647 0.257707526279376 0.0160765946769775
577.141090384417 0.729246211711315 0.254664625431258 0.0160891628574263
577.319587628866 0.732398102217776 0.251498157827599 0.0161037399546257
577.498195318140 0.735667816212240 0.248211914895164 0.0161202688925958
577.676913554776 0.739051312979901 0.244809998552175 0.0161386884679243
577.855742441441 0.742544232880415 0.241296833867032 0.0161589332525535
578.034682080925 0.746141885228987 0.237677181265731 0.0161809335052825
578.213732576149 0.749839236789497 0.233956148116138 0.0162046150943652
578.392894030159 0.753630901063552 0.230139199502840 0.0162298994336081
578.572166546131 0.757511128573486 0.226232167991857 0.0162567034346570
578.751550227367 0.761473798350738 0.222241262171116 0.0162849394781467
578.931045177298 0.765512410853297 0.218173073739975 0.0163145154067281
579.110651499483 0.769620082547176 0.214034582910030 0.0163453345427937
579.290369297611 0.773789542395777 0.209833161870277 0.0163772957339460
579.470198675497 0.778013130507781 0.205576576062866 0.0164102934293529
579.650139737087 0.782282799198365 0.201272983011808 0.0164442177898277
579.830192586457 0.786590116718788 0.196930928446480 0.0164789548347314
580.010357327809 0.790926273906405 0.192559339465250 0.0165143866283451
580.190634065479 0.795282093998945 0.188167514492515 0.0165503915085397
580.371022903928 0.799648045844680 0.183765109795469 0.0165868443598507
580.551523947750 0.804014260721349 0.179362122345323 0.0166236169333280
580.732137301670 0.808370552953372 0.174968868832140 0.0166605782144891
580.912863070540 0.812706444486286 0.170595960672981 0.0166975948407332
581.093701359344 0.817011193541167 0.166254274890078 0.0167345315687552
581.274652273199 0.821273827428778 0.161954920779183 0.0167712517920392
581.455715917350 0.825483179554267 0.157709202338187 0.0168076181075461
581.636892397175 0.829627930587691 0.153528576481967 0.0168434929303423
581.818181818182 0.833696653715266 0.149424607131062 0.0168787391536722
581.999584286011 0.837677863820325 0.145408915328193 0.0169132208514819
582.181099906435 0.841560070373764 0.141493125607124 0.0169468040191122
582.362728785358 0.845331833740961 0.137688808911482 0.0169793573475566
582.544471028815 0.848981824539138 0.134007422435847 0.0170107530250144
582.726326742976 0.852498885604913 0.130460246835730 0.0170408675593571
582.908296034142 0.855872096060806 0.127058321325554 0.0170695826136403
583.090379008746 0.859090836901147 0.123812377252245 0.0170967858466076
583.272575773357 0.862144857456098 0.120732770794767 0.0171223717491351
583.454886434674 0.865024342038076 0.117829415494784 0.0171462424671399
583.637311099531 0.867719976030190 0.115111715368672 0.0171683086011384
583.819849874896 0.870223010643156 0.112588499384499 0.0171884899723449
584.002502867870 0.872525325546820 0.110267958107761 0.0172067163454194
584.185270185688 0.874619488577109 0.108157583325211 0.0172229280976799
584.368151935720 0.876498811728384 0.106264111446010 0.0172370768256059
584.551148225470 0.878157402667525 0.104593471453164 0.0172491258793107
584.734259162577 0.879590211047304 0.103150738135530 0.0172590508171653
584.917484854815 0.880793068954766 0.101940091272004 0.0172668397732297
585.100825410093 0.881762724903035 0.100964781365644 0.0172724937313205
585.284280936455 0.882496870860916 0.100227102437785 0.0172760267012988
585.467851542081 0.882994161913631 0.0997283722924518 0.0172774657939169
585.651537335286 0.883254228255540 0.0994689205518480 0.0172768511926118
585.835338424521 0.883277679331347 0.0994480846468197 0.0172742360218338
586.019254918376 0.883066100061734 0.0996642138249583 0.0172696861133083
586.203286925573 0.882622039210652 0.100114681116222 0.0172632796731258
586.387434554974 0.881948990071375 0.100795903074787 0.0172551068538384
586.571697915576 0.881051363763359 0.101703366999121 0.0172452692375200
586.756077116513 0.879934455540425 0.102831665223007 0.0172338792365681
586.940572267058 0.878604404608712 0.104174535970731 0.0172210594205571
587.125183476620 0.877068148039692 0.105724910182343 0.0172069417779644
587.309910854746 0.875333369435990 0.107474963641414 0.0171916669225962
587.494754511121 0.873408443065671 0.109416173679437 0.0171753832548927
587.679714555567 0.871302374222517 0.111539379688798 0.0171582460886851
587.864791098048 0.869024736595756 0.113834846650368 0.0171404167538765
588.049984248661 0.866585607442325 0.116292330872114 0.0171220616855616
588.235294117647 0.863995501349291 0.118901147141072 0.0171033515096368
588.420720815383 0.861265303353780 0.121650236511546 0.0170844601346742
588.606264452386 0.858406202155165 0.124528233986160 0.0170655638586751
588.791925139312 0.855429624108899 0.127523535391778 0.0170468404993235
588.977702986958 0.852347168638026 0.130624362807371 0.0170284685546032
589.163598106260 0.849170545635722 0.133818827963962 0.0170106264003163
589.349610608293 0.845911515364710 0.137094993105481 0.0169934915298092
589.535740604274 0.842581831287802 0.140440928872062 0.0169772398401362
589.721988205560 0.839193186190155 0.143844768841888 0.0169620449679572
589.908353523649 0.835757161880185 0.147294760442496 0.0169480776773192
590.094836670179 0.832285182683395 0.150779312015895 0.0169355053007102
590.281437756931 0.828788472873856 0.154287035892458 0.0169244912336868
590.468156895825 0.825278018122098 0.157806787395300 0.0169151944826021
590.654994198924 0.821764530977150 0.161327699758667 0.0169077692641829
590.841949778434 0.818258420344663 0.164839215000119 0.0169023646552188
591.029023746702 0.814769764874050 0.168331110836496 0.0168991242894544
591.216216216216 0.811308290123390 0.171793523777472 0.0168981860991376
591.403527299609 0.807883349334519 0.175216968567906 0.0168996820975746
591.590957109656 0.804503907619960 0.178592354181135 0.0169037381989053
591.778505759273 0.801178529338453 0.181910996590232 0.0169104740713151
591.966173361522 0.797915368417531 0.185164628563091 0.0169200030193777
592.153960029608 0.794722161368039 0.188345406740630 0.0169324318913303
592.341865876878 0.791606222727065 0.191445916265855 0.0169478610070801
592.529891016824 0.788574442662290 0.194459173235285 0.0169663841024253
592.718035563082 0.785633286470158 0.197378625244197 0.0169880882856450
592.906299629434 0.782788795704563 0.200198150293383 0.0170130540020543
593.094683329803 0.780046590678689 0.202912054318555 0.0170413550027557
593.283186778260 0.777411874091907 0.205515067594382 0.0170730583137119
593.471810089021 0.774889435544504 0.208002340253924 0.0171082242015720
593.660553376445 0.772483656715714 0.210369437151500 0.0171469061327858
593.849416755037 0.770198516994005 0.212612332282872 0.0171891507231230
594.038400339451 0.768037599364058 0.214727402961700 0.0172349976742429
594.227504244482 0.766004096369443 0.216711423935527 0.0172844796950302
594.416728585076 0.764100815986424 0.218561561608499 0.0173376224050764
594.606073476322 0.762330187260115 0.220275368521633 0.0173944442182515
594.795539033457 0.760694265570523 0.221850778225127 0.0174549562043499
594.985125371866 0.759194737411926 0.223286100660638 0.0175191619274361
595.174832607078 0.757832924585432 0.224580018155167 0.0175870572594018
595.364660854774 0.756609787720382 0.225731582111828 0.0176586301677906
595.554610230778 0.755525929056215 0.226740210466614 0.0177338604771717
595.744680851064 0.754581594432115 0.227605685964035 0.0178127196038498
595.934872831755 0.753776674447842 0.228328155288452 0.0178951702637061
596.125186289121 0.753110704774747 0.228908129071598 0.0179811661536548
596.315621339581 0.752582865611941 0.229346482780566 0.0180706516074926
596.506178099702 0.752191980298813 0.229644458473899 0.0181635612272880
596.696856686201 0.751936513111415 0.229803667396616 0.0182598194919688
596.887657215945 0.751814566286916 0.229826093367829 0.0183593403452557
597.078579805950 0.751823876337520 0.229714096896871 0.0184620267656092
597.269624573379 0.751961809732838 0.229470419945814 0.0185677703213480
597.460791635549 0.752225358047742 0.229098191237428 0.0186764507148302
597.652081109925 0.752611132691321 0.228600931988577 0.0187879353201021
597.843493114124 0.753115359351729 0.227982561929137 0.0189020787191342
598.035027765912 0.753733872311177 0.227247405446425 0.0190187222423981
598.226685183207 0.754462108805034 0.226400197674511 0.0191376935204546
598.418465484078 0.755295103619268 0.225446090327045 0.0192588060536869
598.610368786745 0.756227484140138 0.224390657051574 0.0193818588082884
598.802395209581 0.757253466090021 0.223239898062771 0.0195066358472087
598.994544871109 0.758366850201816 0.222000243792437 0.0196329060057474
599.186817890006 0.759561020102819 0.220678557275312 0.0197604226218694
599.379214385101 0.760828941695093 0.219282134972738 0.0198889233321690
599.571734475375 0.762163164333715 0.217818705721312 0.0200181299449729
599.764378279962 0.763555824115859 0.216296427481473 0.0201477484026681
599.957145918149 0.764998649602162 0.214723881552492 0.0202774688453454
600.150037509377 0.766482970295651 0.213110063915895 0.0204069657884544
600.343053173242 0.767999728202745 0.211464373370217 0.0205358984270385
600.536193029491 0.769539492794511 0.209796596126661 0.0206639110788273
600.729457198026 0.771092479673223 0.208116886548643 0.0207906337781345
600.922845798906 0.772648573228970 0.206435743739252 0.0209156830317782
601.116358952340 0.774197353542990 0.204763983709889 0.0210386627471210
601.309996778697 0.775728127757412 0.203112706901492 0.0211591653410959
601.503759398496 0.777229966085609 0.201493260877307 0.0212767730370844
601.697646932417 0.778691742581954 0.199917198063301 0.0213910593547444
601.891659501290 0.780102180725570 0.198396228479162 0.0215015907952676
602.085797226105 0.781449903799391 0.196942167479053 0.0216079287215559
602.280060228006 0.782723489963579 0.195566878606382 0.0217096314300386
602.474448628295 0.783911531833333 0.194282211759772 0.0218062564068945
602.668962548429 0.785002700275137 0.193099936966832 0.0218973627580317
602.863602110023 0.785985812035254 0.192031674166576 0.0219825137981702
603.058367434848 0.786849900711515 0.191088819508139 0.0220612797803458
603.253258644835 0.787584290476823 0.190282468780306 0.0221332407428707
603.448275862069 0.788178671862365 0.189623338690497 0.0221979894471386
603.643419208796 0.788623178814322 0.189121686810062 0.0222551343756164
603.838688807419 0.788908466152120 0.188787231091752 0.0223043027561282
604.034084780498 0.789025786483040 0.188629069941670 0.0223451435752894
604.229607250755 0.788967065569574 0.188655603888654 0.0223773305417724
604.425256341069 0.788724975105953 0.188874459935816 0.0224005649582311
604.621032174476 0.788293001841057 0.189292419699008 0.0224145784599346
604.816934874177 0.787665511988736 0.189915352433378 0.0224191355778866
605.012964563526 0.786837809894347 0.190748154020075 0.0224140360855778
605.209121366044 0.785806189980111 0.191794692929980 0.0223991170899087
605.405405405405 0.784567981069614 0.193057764100085 0.0223742548303013
605.601816805450 0.783121582294855 0.194539051551710 0.0223393661534355
605.798355690178 0.781466489913703 0.196239100450282 0.0222944096360151
605.995022183746 0.779603314509783 0.198157299156442 0.0222393863337753
606.191816410479 0.777533788207791 0.200291871651681 0.0221743401405283
606.388738494857 0.775260761708812 0.202639880542747 0.0220993577484407
606.585788561525 0.772788191129987 0.205197240662652 0.0220145682073610
606.782966735291 0.770121114814339 0.207958743097452 0.0219201420882085
606.980273141123 0.767265620454747 0.210918089282608 0.0218162902626450
607.177707904153 0.764228803046547 0.214067934635627 0.0217032623178266
607.375271149675 0.761018714340293 0.217399941028328 0.0215813446313790
607.572963003146 0.757644304606067 0.220904837256377 0.0214508581375564
607.770783590189 0.754115357639987 0.224572486540094 0.0213121558199192
607.968733036587 0.750442420038284 0.228391959991319 0.0211656199703969
608.166811468289 0.746636725834031 0.232351614908952 0.0210116592570175
608.365019011407 0.742710117634102 0.236439176721245 0.0208507056446525
608.563355792219 0.738674965409413 0.240641823376448 0.0206832112141401
608.761821937167 0.734544084081470 0.244946270994015 0.0205096449245148
608.960417572858 0.730330651012968 0.249338859624552 0.0203304893624803
609.159142826063 0.726048124453473 0.253805638025834 0.0201462375206930
609.357997823722 0.721710163914689 0.258332446441286 0.0199573896440256
609.556982692936 0.717330553357575 0.262904996463182 0.0197644501792429
609.756097560976 0.712923127968410 0.267508947171635 0.0195679248599553
609.955342555277 0.708501705187485 0.272129976858630 0.0193683179538855
610.154717803443 0.704080020534334 0.276753849770199 0.0191661296954669
610.354223433243 0.699671668652471 0.281366477425704 0.0189618539218245
610.553859572612 0.695290049875940 0.285953974198323 0.0187559759257373
610.753626349656 0.690948322503337 0.290502706961871 0.0185489705347917
610.953523892647 0.686659360854255 0.294999338724284 0.0183413004214612
611.153552330023 0.682435719079599 0.299430866275087 0.0181334146453135
611.353711790393 0.678289600603481 0.303784651971971 0.0179257474245479
611.554002402534 0.674232832989694 0.308048449878988 0.0177187171313188
611.754424295390 0.670276847951963 0.312210426545726 0.0175127255023108
611.954977598077 0.666432666163398 0.316259176782862 0.0173081570537408
612.155662439878 0.662710886466632 0.320183734845032 0.0171053786883365
612.356478950246 0.659121679042184 0.323973581477879 0.0169047394799374
612.557427258806 0.655674782056375 0.327618647322967 0.0167065706206575
612.758507495350 0.652379501282142 0.331109313203320 0.0165111855145389
612.959719789842 0.649244712163933 0.334436407834685 0.0163188800013816
613.161064272419 0.646278863781357 0.337591203524618 0.0161299326940246
613.362541073385 0.643489984153126 0.340565410434387 0.0159446054124869
613.564150323217 0.640885686312442 0.343351169988864 0.0157631436986940
613.765892152565 0.638473174575990 0.345941048028430 0.0155857773955800
613.967766692249 0.636259250419552 0.348328028305422 0.0154127212750259
614.169774073262 0.634250317363325 0.350505506937321 0.0152441756993539
614.371914426769 0.632452384257602 0.352467288440596 0.0150803273018015
614.574187884109 0.630871066344631 0.354207583983801 0.0149213496715688
614.776594576792 0.629511583453082 0.355721012517204 0.0147674040297140
614.979134636503 0.628378754658487 0.357002605459270 0.0146186398822437
615.181808195101 0.627476988714287 0.358047815648536 0.0144751956371779
615.384615384615 0.626810269525022 0.358852531302710 0.0143371991722688
615.587556337254 0.626382135894281 0.359413095765520 0.0142047683401992
615.790631185397 0.626195654737020 0.359726333865241 0.0140780113977391
615.993840061599 0.626253386898357 0.359789585756554 0.0139570273450883
616.197183098592 0.626557344671006 0.359600749167928 0.0138419061610665
616.400660429279 0.627108940052426 0.359158331028294 0.0137327289192805
616.604272186743 0.627908922733645 0.358461509496964 0.0136295677693909
616.808018504241 0.628957306767385 0.357510207465687 0.0135324857669288
617.011899515205 0.630253284828887 0.356305178637079 0.0134415365340342
617.215915353246 0.631795128964454 0.354848107303184 0.0133567637323621
617.420066152150 0.633580076727282 0.353141722943994 0.0132782003287233
617.624352045881 0.635604201638354 0.351189930728838 0.0132058676328083
617.828773168579 0.637862266992179 0.348997958921690 0.0131397740861305
618.033329654564 0.640347562168588 0.346572524050460 0.0130799137809522
618.238021638331 0.643051720828711 0.343922014482884 0.0130262646884057
618.442849254556 0.645964520685669 0.341056692737990 0.0129787865763410
618.647812638091 0.649073664970974 0.337988916429060 0.0129374185999661
618.852911923970 0.652364546291960 0.334733377156101 0.0129020765519388
619.058147247402 0.655819994319766 0.331307355915485 0.0128726497647494
619.263518743780 0.659420009690942 0.327730992643084 0.0128489976659737
619.469026548673 0.663141487674382 0.324027566327468 0.0128309459981502
619.674670797831 0.666957936572950 0.320223780697854 0.0128182827291954
619.880451627186 0.670839197511320 0.316350048791415 0.0128107536972657
620.086369172849 0.674751174210891 0.312440767732894 0.0128080580562145
620.292423571112 0.678655583552693 0.308534572832365 0.0128098436149416
620.498614958449 0.682509740137769 0.304674557667576 0.0128157021946552
620.704943471514 0.686266390590459 0.300908444245371 0.0128251651641704
620.911409247145 0.689873615890419 0.297288684757382 0.0128376993521994
621.118012422360 0.693274822384470 0.293872474038983 0.0128527035765467
621.324753134362 0.696408844080128 0.290721649848725 0.0128695060711469
621.531631520533 0.699210180056930 0.287902456813944 0.0128873631291263
621.738647718441 0.701609390989631 0.285485149700345 0.0129054593100241
621.945801865837 0.703533677457856 0.283543412965738 0.0129229095764053
622.153094100656 0.704907659506424 0.282153576769512 0.0129387637240647
622.360524561014 0.705654371440974 0.281393615115361 0.0129520134436653
622.568093385214 0.705696477810538 0.281341919894541 0.0129616022949209
622.775800711744 0.704957705831317 0.282075855386641 0.0129664387820416
622.983646679275 0.703364476286648 0.283670111124986 0.0129654125883665
623.191631426664 0.700847699669854 0.286194886470518 0.0129574138596279
623.399755092954 0.697344687875540 0.289713956899231 0.0129413552252290
623.608017817372 0.692801115344243 0.294282688631489 0.0129161960242680
623.816419739334 0.687172948818826 0.299946083205160 0.0128809679760146
624.024960998440 0.680428253593185 0.306736945084799 0.0128348013220162
624.233641734478 0.672548778150503 0.314674271554893 0.0127769502946041
624.442462087422 0.663531219977107 0.323761963364311 0.0127068166585821
624.651422197435 0.653388084141879 0.333987945808590 0.0126239700495311
624.860522204865 0.642148063192871 0.345323772897314 0.0125281639098151
625.069762250251 0.629855891318789 0.357724762676415 0.0124193460047960
625.279142474319 0.616571655825448 0.371130681395078 0.0122976627794749
625.488663017983 0.602369582191342 0.385466960639055 0.0121634571696032
625.698324022347 0.587336342136114 0.400646397985229 0.0120172598786572
625.908125628703 0.571568963961549 0.416571261502062 0.0118597745363883
626.118067978533 0.555172447943647 0.433135694531614 0.0116918575247390
626.328151213511 0.538257204557512 0.450228301884428 0.0115144935580594
626.538375475498 0.520936438656399 0.467734793033667 0.0113287683099335
626.748740906547 0.503323598426698 0.485540562098980 0.0111358394743221
626.959247648903 0.485529995122606 0.503533097243960 0.0109369076334334
627.169895845000 0.467662680215578 0.521604131593847 0.0107331881905749
627.380685637464 0.449822643139601 0.539651471425772 0.0105258854346264
627.591617169114 0.432103367853818 0.557580462586005 0.0103161695601775
627.802690582960 0.414589762332820 0.575305080465365 0.0101051572018147
628.013906022205 0.397357453708791 0.592748650512009 0.00989389577919925
628.225263630245 0.380472424396187 0.609844223893094 0.00968335171071943
628.436763550668 0.363990951759273 0.626534645886895 0.00947440235383129
628.648405927256 0.347959805802072 0.642772362822213 0.00926783137571557
628.860190903987 0.332416655588740 0.658519017259076 0.00906432715218414
629.072118625028 0.317390634968753 0.673744881299683 0.00886448373156373
629.284189234745 0.302903020861977 0.688428175259553 0.00866880387847041
629.496402877698 0.288967982003699 0.702554314274398 0.00847770372190226
629.708759698639 0.275593361872188 0.716115119563333 0.00829151856447929
629.921259842520 0.262781465852027 0.729108024690563 0.00811050945741026
630.133903454484 0.250529829002519 0.741535300795785 0.00793487020169531
630.346690679874 0.238831946726036 0.753403318778982 0.00776473449498205
630.559621664227 0.227677955926152 0.764721861073127 0.00760018300072149
630.772696553278 0.217055258781936 0.775503491048450 0.00744125016961469
630.985915492958 0.206949085003802 0.785762984305708 0.00728793069048936
631.199278629396 0.197342991401037 0.795516823110847 0.00714018548811632
631.412786108919 0.188219299846174 0.804782752934887 0.00699794721893940
631.626438078051 0.179559476354393 0.813579398403035 0.00686112524257221
631.840234683516 0.171344455104789 0.821925934827764 0.00672961006744655
632.054176072235 0.163554911911008 0.829841810804400 0.00660327728459201
632.268262391329 0.156171491992939 0.837346516992734 0.00648199101432631
632.482493788118 0.149174996988757 0.844459396113280 0.00636560689796295
632.696870410123 0.142546536047099 0.851199489282015 0.00625397467088526
632.911392405063 0.136267645609279 0.857585414035366 0.00614694035535501
633.126059920859 0.130320382177064 0.863635269711200 0.00604434811173613
633.340873105632 0.124687391998470 0.869366566215685 0.00594604178584496
633.555832107705 0.119351961219063 0.874796172592589 0.00585186618834850
633.770937075600 0.114298049659288 0.879940282200997 0.00576166813971551
633.986188158044 0.109510311003143 0.884814391685205 0.00567529731165208
634.201585503964 0.104974101829311 0.889433291277700 0.00559260689298879
634.417129262490 0.100675481588249 0.893811064306495 0.00551345410525635
634.632819582956 0.0966012053305635 0.897961094079013 0.00543770059042387
634.848656614896 0.0927387107244705 0.901896076584944 0.00536521269058550
635.064640508052 0.0890761006624474 0.905628037700527 0.00529586163702595
635.280771412365 0.0856021225484018 0.909168353787738 0.00522952366386024
635.497049477985 0.0823061451745863 0.912527774766067 0.00516608005934711
635.713474855262 0.0791781339399883 0.915716448893755 0.00510541716625725
635.930047694754 0.0762086250265939 0.918743948632416 0.00504742634098999
636.146768147223 0.0733886990343771 0.921619297085878 0.00499200387974519
636.363636363636 0.0707099544778167 0.924350994603408 0.00493905091877564
636.580652495169 0.0681644814639547 0.926947045221372 0.00488847331467369
636.797816693200 0.0657448358026128 0.929414982687691 0.00484018150969649
637.015129109316 0.0634440137414164 0.931761895872285 0.00479409038629866
637.232589895312 0.0612554274702297 0.933994453415432 0.00475011911433833
637.450199203187 0.0591728814999674 0.936118927506183 0.00470819099384993
637.667957185152 0.0571905499882968 0.938141216716014 0.00466823329568895
637.885863993621 0.0553029550583530 0.940066867839633 0.00463017710201353
638.103919781222 0.0535049461353124 0.941901096716594 0.00459395714809377
638.322124700787 0.0517916803086540 0.943648808024637 0.00455951166670941
638.540478905359 0.0501586037145320 0.945314614049391 0.00452678223607678
638.758982548192 0.0486014339222298 0.946902852445715 0.00449571363205525
638.977635782748 0.0471161433006623 0.948417603014147 0.00446625368519057
639.196438762698 0.0456989433349421 0.949862703522077 0.00443835314298102
639.415391641927 0.0443462698586863 0.951241764603635 0.00441196553767923
639.634494574529 0.0430547691648093 0.952558183775427 0.00438704705976417
639.853747714808 0.0418212849556393 0.953815158607151 0.00436355643721022
640.073151217282 0.0406428460922275 0.955015699087232 0.00434145482054034
640.292705236680 0.0395166551023768 0.956162639223956 0.00432070567366710
640.512409927943 0.0384400774071830 0.957258647922394 0.00430127467042353
640.732265446224 0.0374106312265298 0.958306239176787 0.00428312959668305
640.952271946893 0.0364259781249583 0.959307781617101 0.00426624025794064
641.172429585528 0.0354839141605546 0.960265507447241 0.00425057839220403
641.392738517925 0.0345823616008889 0.961181520811092 0.00423611758801867
641.613198900092 0.0337193611715416 0.962057805620984 0.00422283320747490
641.833810888252 0.0328930648043346 0.962896232881655 0.00421070231401049
642.054574638844 0.0321017288540060 0.963698567541170 0.00419970360482407
642.275490308522 0.0313437077536748 0.964466474898594 0.00418981734773131
642.496558054153 0.0306174480810754 0.965201526596638 0.00418102532228677
642.717778032825 0.0299214830091100 0.965905206225891 0.00417331076499877
642.939150401837 0.0292544271158183 0.966578914565702 0.00416665831847959
643.160675318709 0.0286149715303591 0.967223974485293 0.00416105398434837
643.382352941177 0.0280018793930112 0.967841635527210 0.00415648507977854
643.604183427192 0.0274139816086056 0.968433078193893 0.00415294019750190
643.826166934928 0.0268501728740875 0.968999417956760 0.00415040916915303
644.048303622772 0.0263094079621498 0.969541709006009 0.00414888303184111
644.270593649333 0.0257906982440701 0.970060947758136 0.00414835399779343
644.493037173438 0.0252931084359856 0.970558076137017 0.00414881542699766
644.715634354133 0.0248157535538859 0.971033984643394 0.00415026180271980
644.938385350685 0.0243577960636009 0.971489515226595 0.00415268870980425
645.161290322581 0.0239184432129754 0.971925463971339 0.00415609281568518
645.384349429526 0.0234969445342999 0.972342583611679 0.00416047185402163
645.607562831450 0.0230925895058803 0.972741585883232 0.00416582461088740
645.830930688502 0.0227047053623870 0.973123143724149 0.00417215091346369
646.054453161052 0.0223326550443412 0.973487893334478 0.00417945162118088
646.278130409694 0.0219758352777636 0.973836436102980 0.00418772861925690
646.501962595244 0.0216336747756306 0.974169340409754 0.00419698481461550
646.725949878739 0.0213056325533649 0.974487143312496 0.00420722413413903
646.950092421442 0.0209911963511353 0.974790352123618 0.00421845152524713
647.174390384838 0.0206898811562384 0.975079445884979 0.00423067295878246
647.398843930636 0.0204012278193136 0.975354876746466 0.00424389543422018
647.623453220770 0.0201248017585851 0.975617071254250 0.00425812698716518
647.848218417399 0.0198601917467342 0.975866431554059 0.00427337669920678
648.073139682907 0.0196070087753829 0.976103336514523 0.00428965471009389
648.298217179903 0.0193648849925438 0.976328142775146 0.00430697223230990
648.523451071222 0.0191334727087120 0.976541185723235 0.00432534156805299
648.748841519926 0.0189124434675978 0.976742780403723 0.00434477612867950
648.974388689304 0.0187014871777831 0.976933222365543 0.00436529045667423
649.200092742870 0.0185003113018691 0.977112788447925 0.00438690025020623
649.425953844370 0.0183086400999308 0.977281737509733 0.00440962239033594
649.651972157773 0.0181262139243414 0.977440311104675 0.00443347497098396
649.878147847279 0.0179527885632501 0.977588734105022 0.00445847733172832
650.104481077316 0.0177881346302164 0.977727215276215 0.00448465009356869
650.330972012542 0.0176320369976982 0.977855947804555 0.00451201519774670
650.557620817844 0.0174842942722859 0.977975109779941 0.00454059594777305
650.784427658338 0.0173447183097504 0.978084864635449 0.00457041705480031
651.011392699372 0.0172131337681446 0.978185361545352 0.00460150468650363
651.238516106524 0.0170893776973575 0.978276735783012 0.00463388651963011
651.465798045603 0.0169732991636804 0.978359109039899 0.00466759179642065
651.693238682649 0.0168647589080818 0.978432589706805 0.00470265138511285
651.920838183935 0.0167636290370414 0.978497273118240 0.00473909784471828
652.148596715966 0.0166697927449236 0.978553241760710 0.00477696549436696
652.376514445480 0.0165831440670038 0.978600565445564 0.00481629048743193
652.604591539448 0.0165035876623935 0.978639301446849 0.00485711089075778
652.832828165074 0.0164310386262348 0.978669494604472 0.00489946676929317
653.061224489796 0.0163654223306612 0.978691177392889 0.00494340027644952
653.289780681288 0.0163066742941435 0.978704369955282 0.00498895575057419
653.518496907457 0.0162547400789630 0.978709080103123 0.00503617981791382
653.747373336447 0.0162095752166820 0.978705303280804 0.00508512150251366
653.976410136634 0.0161711451616003 0.978693022494901 0.00513583234349915
654.205607476636 0.0161394252723154 0.978672208207426 0.00518836652025868
654.434965525301 0.0161144008216375 0.978642818192292 0.00524278098607049
654.664484451719 0.0160960670352368 0.978604797354017 0.00529913561074581
654.894164425214 0.0160844291595458 0.978558077507485 0.00535749333296881
655.124005615349 0.0160795025595736 0.978502577117444 0.00541792032298259
655.354008191925 0.0160813128474502 0.978438200996124 0.00548048615642601
655.584172324982 0.0160898960426700 0.978364839957227 0.00554526400010301
655.814498184799 0.0161052987651721 0.978282370424238 0.00561233081058950
656.044985941893 0.0161275784625718 0.978190653990755 0.00568176754667333
656.275635767022 0.0161568036730532 0.978089536930309 0.00575365939663828
656.506447831184 0.0161930543256283 0.977978849652791 0.00582809602158068
656.737422305618 0.0162364220796928 0.977858406104320 0.00590517181598728
656.968559361802 0.0162870107060416 0.977728003107004 0.00598498618695495
657.199859171459 0.0163449365117653 0.977587419634705 0.00606764385352928
657.431321906551 0.0164103288117259 0.977436416020466 0.00615325516780838
657.662947739284 0.0164833304496112 0.977274733090839 0.00624193645955019
657.894736842105 0.0165640983719028 0.977102091221827 0.00633381040627079
658.126689387707 0.0166528042584465 0.976918189310627 0.00642900643092676
658.358805549024 0.0167496352137211 0.976722703656758 0.00652766112952073
658.591085499236 0.0168547945233262 0.976515286745502 0.00662991873117147
658.823529411765 0.0169685024806988 0.976295565925840 0.00673593159346141
659.056137460280 0.0170909972895938 0.976063141974299 0.00684586073610699
659.288909818696 0.0172225360484473 0.975817587535203 0.00695987641635015
659.521846661171 0.0173633958233925 0.975558445426858 0.00707815874974958
659.754948162111 0.0175138748174104 0.975285226802097 0.00720089838049218
659.988214496170 0.0176742936438964 0.974997409150423 0.00732829720568065
660.221645838246 0.0178449967138055 0.974694434127611 0.00746056915858330
660.455242363486 0.0180263537465243 0.974375705197167 0.00759794105630850
660.689004247286 0.0182187614157136 0.974040585066337 0.00774065351794926
660.922931665290 0.0184226451425819 0.973688392897521 0.00788896195989681
661.157024793389 0.0186384610504300 0.973318401273869 0.00804313767570083
661.391283807724 0.0188666980958170 0.972929832895468 0.00820346900871477
661.625708884688 0.0191078803934179 0.972521856979991 0.00837026262659161
661.860300200922 0.0193625697535635 0.972093585338670 0.00854384490776610
662.095057933318 0.0196313684535975 0.971644068095267 0.00872456345113574
662.329982259018 0.0199149222666108 0.971172289011923 0.00891278872146623
662.565073355419 0.0202139237738375 0.970677160381729 0.00910891584443357
662.800331400166 0.0205291159900625 0.970157517443075 0.00931336656686245
663.035756571158 0.0208612963348575 0.969612112265636 0.00952659139950611
663.271349046548 0.0212113209863687 0.969039607051864 0.00974907196176702
663.507109004739 0.0215801096588105 0.968438566791102 0.00998132355008800
663.743036624393 0.0219686508498263 0.967807451195824 0.0102238979543496
663.979132084420 0.0223780076095571 0.967144605840852 0.0104773865495907
664.215395563990 0.0228093238897197 0.966448252416560 0.0107424236937205
664.451827242525 0.0232638315383233 0.965716477995920 0.0110196904657570
664.688427299703 0.0237428580140035 0.964947223202556 0.0113099187834404
664.925195915460 0.0242478349034735 0.964138269152463 0.0116138959440633
665.162133269985 0.0247803073364489 0.963287223025538 0.0119324696380136
665.399239543726 0.0253419444048094 0.962391502104234 0.0122665534909563
665.636514917390 0.0259345507069706 0.961448316095011 0.0126171331980184
665.873959571938 0.0265600791546828 0.960454647523589 0.0129852733217287
666.111573688593 0.0272206451981408 0.959407229966637 0.0133721248352218
666.349357448834 0.0279185426467012 0.958302523850072 0.0137789335032272
666.587311034401 0.0286562612871191 0.957136689506649 0.0142070492062316
666.825434627292 0.0294365065295509 0.955905557142685 0.0146579363277642
667.063728409768 0.0302622213442048 0.954604593314095 0.0151331853417003
667.302192564347 0.0311366107891627 0.953228863454984 0.0156345257558537
667.540827273811 0.0320631694733176 0.951772989936094 0.0161638405905883
667.779632721202 0.0330457123485508 0.950231105054528 0.0167231825969210
668.018609089825 0.0340884092832330 0.948596798268252 0.0173147924485148
668.257756563246 0.0351958239361736 0.946863056887600 0.0179411191762265
668.497075325295 0.0363729575276506 0.945022199318585 0.0186048431537643
668.736565560067 0.0376252981937991 0.943065799817513 0.0193089019886879
668.976227451917 0.0389588767142652 0.940984603559718 0.0200565197260171
669.216061185468 0.0403803295227393 0.938768430644652 0.0208512398326091
669.456066945607 0.0418969700480847 0.936406067451272 0.0216969625006430
669.696244917484 0.0435168695928333 0.933885143518072 0.0225979868890946
669.936595286518 0.0452489491384535 0.931191991847228 0.0235590590143186
670.177118238392 0.0471030836757908 0.928311490218274 0.0245854261059348
670.417813959057 0.0490902208969686 0.925226880739687 0.0256828983633440
