560 0.948996875226649 0.0307259408443504 0.0202771839290001
560.168050415125 0.946693561869917 0.0330544759231156 0.0202519622069672
560.336201721033 0.944271116087871 0.0355043479401934 0.0202245359719361
560.504454008608 0.941729041669096 0.0380760845526168 0.0201948737782875
560.672807368843 0.939067207389953 0.0407698411290229 0.0201629514810242
560.841261892839 0.936285854347339 0.0435853931966329 0.0201287524560285
561.009817671809 0.933385601225908 0.0465221309939303 0.0200922677801617
561.178474797074 0.930367447438716 0.0495790561917973 0.0200534963694867
561.347233360064 0.927232774101178 0.0527547808248204 0.0200124450740012
561.516093452321 0.923983342819287 0.0560475284525408 0.0199691287281718
561.685055165497 0.920621292295378 0.0594551375479306 0.0199235701566920
561.854118591352 0.917149132777185 0.0629750670876113 0.0198758001352042
562.023283821758 0.913569738397455 0.0666044042958839 0.0198258573066612
562.192550948700 0.909886337473411 0.0703398744725896 0.0197737880539992
562.361920064270 0.906102500855735 0.0741778528138427 0.0197196463304223
562.531391260673 0.902222128436176 0.0781143781148456 0.0196634934489786
562.700964630225 0.898249433940441 0.0821451682258420 0.0196053978337168
562.870640265353 0.894188928149484 0.0862656371159476 0.0195454347345686
563.040418258596 0.890045400705533 0.0904709133854120 0.0194836859090551
563.210298702605 0.885823900671261 0.0947558600549916 0.0194202392737474
563.380281690141 0.881529716019428 0.0991150954517415 0.0193551885288307
563.550367314079 0.877168352237026 0.103543015003685 0.0192886327592893
563.720555667405 0.872745510231929 0.108033813751607 0.0192206760164638
563.890846843218 0.868267063731875 0.112581509384599 0.0191514268835258
564.061240934730 0.863739036364238 0.117179965606886 0.0190809980288760
564.231738035265 0.859167578602031 0.121822915646834 0.0190095057511354
564.402338238259 0.854558944755968 0.126503985724628 0.0189370695194043
564.573041637262 0.849919470184588 0.131216718302863 0.0188638115125496
564.743848325938 0.845255548885368 0.135954594953831 0.0187898561608009
564.914758398063 0.840573611618216 0.140711058688587 0.0187153296931968
565.085771947528 0.835880104701018 0.145479535605368 0.0186403596936143
565.256889068336 0.831181469602640 0.150253455728751 0.0185650746686085
565.428109854604 0.826484123445321 0.155026272925382 0.0184896036292970
565.599434400566 0.821794440512972 0.159791483797264 0.0184140756897641
565.770862800566 0.817118734847054 0.164542645468951 0.0183386196839950
565.942395149065 0.812463243996604 0.169273392200487 0.0182633638029094
566.114031540639 0.807834113973702 0.173977450773193 0.0181884352531053
566.285772069977 0.803237385451524 0.178648654610310 0.0181139599381660
566.457616831884 0.798678981227479 0.183280956608854 0.0180400621636668
566.629565921279 0.794164694961200 0.187868440672655 0.0179668643661458
566.801619433198 0.789700181184291 0.192405331949312 0.0178944868663973
566.973777462792 0.785290946567025 0.196886005785608 0.0178230476473671
567.146040105327 0.780942342417368 0.201304995426712 0.0177526621559196
567.318407456185 0.776659558377191 0.205656998494144 0.0176834431286654
567.490879610863 0.772447617273146 0.209936882286089 0.0176155004407654
567.663456664977 0.768311371071758 0.214139687951049 0.0175489409771927
567.836138714257 0.764255497882360 0.218260633592152 0.0174838685254877
568.008925854549 0.760284499946432 0.222295116364704 0.0174203836888640
568.181818181818 0.756402702547691 0.226238713633721 0.0173585838185878
568.354815792145 0.752614253774239 0.230087183261429 0.0172985629643321
568.527918781726 0.748923125061767 0.233836463096995 0.0172404118412387
568.701127246877 0.745333112445602 0.237482669742193 0.0171842178122046
568.874441284031 0.741847838448482 0.241022096667396 0.0171300648841228
569.047860989737 0.738470754531181 0.244451211752248 0.0170780337165714
569.221386460663 0.735205144033762 0.247766654324773 0.0170282016414653
569.395017793594 0.732054125536193 0.250965231771517 0.0169806426922904
569.568755085435 0.729020656568734 0.254043915789711 0.0169354276415544
569.742598433208 0.726107537604622 0.256999838350487 0.0168926240448912
569.916547934053 0.723317416269453 0.259830287439954 0.0168522962905930
570.090603685229 0.720652791704431 0.262532702642353 0.0168145056532156
570.264765784114 0.718116019023241 0.265104670626952 0.0167793103498072
570.439034328206 0.715709313804774 0.267543920597489 0.0167467655977368
570.613409415121 0.713434756567046 0.269848319760192 0.0167169236727621
570.787891142595 0.711294297170289 0.272015868863495 0.0166898339662168
570.962479608483 0.709289759099950 0.274044697859808 0.0166655430402425
571.137174910760 0.707422843583232 0.275933061736842 0.0166440946799266
571.311977147521 0.705695133495305 0.277679336563317 0.0166255299413781
571.486886416981 0.704108097013762 0.279282015791353 0.0166098871948859
571.661902817477 0.702663090982852 0.280739706855187 0.0165972021619610
571.837026447463 0.701361363950566 0.282051128103670 0.0165875079457650
572.012257405516 0.700204058844605 0.283215106101627 0.0165808350537678
572.187595790334 0.699192215254871 0.284230573333117 0.0165772114120124
572.363041700736 0.698326771292167 0.285096566337586 0.0165766623702471
572.538595235661 0.697608564994732 0.285812224308070 0.0165792106971975
572.714256494171 0.697038335255992 0.286376788178751 0.0165848765652569
572.890025575448 0.696616722248417 0.286789600227508 0.0165936775240751
573.065902578797 0.696344267320176 0.287050104217434 0.0166056284623902
573.241887603644 0.696221412342772 0.287157846099635 0.0166207415575934
573.417980749539 0.696248498489452 0.287112475298059 0.0166390262124885
573.594182116153 0.696425764425788 0.286913746595373 0.0166604889788387
573.770491803279 0.696753343895497 0.286561522637281 0.0166851334672223
573.946909910833 0.697231262686345 0.286055777070765 0.0167129602428896
574.123436538856 0.697859434962900 0.285396598329810 0.0167439667072898
574.300071787509 0.698637658955017 0.284584194079994 0.0167781469649885
574.476815757078 0.699565611993163 0.283618896330949 0.0168154916758880
574.653668547973 0.700642844884520 0.282501167222947 0.0168559878925337
574.830630260727 0.701868775626500 0.281231605490939 0.0168996188825613
575.007700995996 0.703242682457859 0.279810953605850 0.0169463639362905
575.184880854560 0.704763696251097 0.278240105589126 0.0169961981597766
575.362169937327 0.706430792254426 0.276520115492126 0.0170490922534480
575.539568345324 0.708242781196062 0.274652206527028 0.0171050122769099
575.717076179706 0.710198299769213 0.272637780830371 0.0171639194004167
575.894693541752 0.712295800522077 0.270478429834094 0.0172257696438294
576.072420532867 0.714533541184013 0.268175945212105 0.0172905136038823
576.250257254579 0.716909573466358 0.265732330362589 0.0173580961710526
576.428203808544 0.719421731384849 0.263149812377907 0.0174284562372437
576.606260296540 0.722067619159417 0.260430854444563 0.0175015263960207
576.784426820476 0.724844598757328 0.257578168605624 0.0175772326370480
576.962703482382 0.727749777155906 0.254594728806993 0.0176554940371007
577.141090384417 0.730779993412873 0.251483784137169 0.0177362224499583
577.319587628866 0.733931805644543 0.248248872157575 0.0178193221978819
577.498195318140 0.737201478024916 0.244893832207267 0.0179046897678177
577.676913554776 0.740584967932293 0.241422818551949 0.0179922135157580
577.855742441441 0.744077913384229 0.237840313232825 0.0180817733829461
578.034682080925 0.747675620915862 0.234151138456104 0.0181732406280346
578.213732576149 0.751373054071203 0.230360468349088 0.0182664775797097
578.392894030159 0.755164822691471 0.226473839893950 0.0183613374145789
578.572166546131 0.759045173198650 0.222497162835933 0.0184576639654168
578.751550227367 0.763007980085941 0.218436728348913 0.0185552915651461
578.931045177298 0.767046738838950 0.214299216228597 0.0186540449324532
579.110651499483 0.771154560522862 0.210091700372422 0.0187537391047159
579.290369297611 0.775324168279568 0.205821652295902 0.0188541794245305
579.470198675497 0.779547895985698 0.201496942428284 0.0189551615860184
579.650139737087 0.783817689326501 0.197125838926421 0.0190564717470777
579.830192586457 0.788125109540905 0.192717003745293 0.0191578867138019
580.010357327809 0.792461340089845 0.188279485707095 0.0192591742030603
580.190634065479 0.796817196492091 0.183822710318962 0.0193600931889472
580.371022903928 0.801183139559172 0.179356466102523 0.0194603943383050
580.551523947750 0.805549292242494 0.174890887217254 0.0195598205402521
580.732137301670 0.809905460282252 0.170436432184302 0.0196581075334457
580.912863070540 0.814241156817142 0.166003858548430 0.0197549846344278
581.093701359344 0.818545631077614 0.161604193353306 0.0198501755690803
581.274652273199 0.822807901242458 0.157248699349365 0.0199433994081769
581.455715917350 0.827016791489394 0.152948836904095 0.0200343716065113
581.636892397175 0.831160973214790 0.148716221641286 0.0201228051439244
581.818181818182 0.835229010337303 0.144562577898191 0.0202084117645062
581.999584286011 0.839209408534051 0.140499688156988 0.0202909033089610
582.181099906435 0.843090668188815 0.136539338678223 0.0203699931329620
582.362728785358 0.846861340758847 0.132693261638208 0.0204453976029448
582.544471028815 0.850510088193801 0.128973074147887 0.0205168376583125
582.726326742976 0.854025744966002 0.125390214606129 0.0205840404278690
582.908296034142 0.857397382200202 0.121955876913799 0.0206467408859991
583.090379008746 0.860614373322719 0.118680943144380 0.0207046835329010
583.272575773357 0.863666460587833 0.115575915330542 0.0207576240816250
583.454886434674 0.866543821785253 0.112650847081533 0.0208053311332145
583.637311099531 0.869237136387276 0.109915275791950 0.0208475878207738
583.819849874896 0.871737650361531 0.107378156236279 0.0208841934021902
584.002502867870 0.874037238854658 0.105047796363937 0.0209149647814051
584.185270185688 0.876128465946975 0.102931796115228 0.0209397379377971
584.368151935720 0.878004640687455 0.101036990068231 0.0209583692443136
584.551148225470 0.879659868644752 0.0993693947000744 0.0209707366551737
584.734259162577 0.881089098251187 0.0979341610026869 0.0209767407461264
584.917484854815 0.882288161274941 0.0967355331336118 0.0209763055914469
585.100825410093 0.883253806828519 0.0957768137075912 0.0209693794638900
585.284280936455 0.883983728407504 0.0950603362456525 0.0209559353468436
585.467851542081 0.884476583552735 0.0945874451973435 0.0209359712499213
585.651537335286 0.884732005836743 0.0943584838406421 0.0209095103226149
585.835338424521 0.884750608990973 0.0943727902456361 0.0208766007633908
586.019254918376 0.884533983109824 0.0946287013651175 0.0208373155250589
586.203286925573 0.884084682989064 0.0951235651907583 0.0207917518201782
586.387434554974 0.883406208776179 0.0958537607907469 0.0207400304330742
586.571697915576 0.882502979225004 0.0968147259264235 0.0206822948485726
586.756077116513 0.881380297955904 0.0980009918346703 0.0206187102094256
586.940572267058 0.880044313220510 0.0994062246620274 0.0205494621174623
587.125183476620 0.878501971757039 0.101023272947946 0.0204747552950152
587.309910854746 0.876760967394694 0.102844220480162 0.0203948121251444
587.494754511121 0.874829685123599 0.104860443786098 0.0203098710903026
587.679714555567 0.872717141388651 0.107062673481465 0.0202201851298839
587.864791098048 0.870432921391421 0.109441058670960 0.0201260199376190
588.049984248661 0.867987114194178 0.111985233586290 0.0200276522195323
588.235294117647 0.865390246414207 0.114684385652696 0.0199253679330970
588.420720815383 0.862653215276667 0.117527324196078 0.0198194605272551
588.606264452386 0.859787221761268 0.120502549036979 0.0197102292017535
588.791925139312 0.856803704532855 0.123598318263731 0.0195979772034142
588.977702986958 0.853714275292379 0.126802714532980 0.0194830101746416
589.163598106260 0.850530656122131 0.130103709309547 0.0193656345683220
589.349610608293 0.847264619331432 0.133489224527435 0.0192461561411338
589.535740604274 0.843927930237310 0.136947191227298 0.0191248785353919
589.721988205560 0.840532293241038 0.140465604801418 0.0190021019575444
589.908353523649 0.837089301487554 0.144032576552949 0.0188781219594962
590.094836670179 0.833610390322160 0.147636381350693 0.0187532283271469
590.281437756931 0.830106794689218 0.151265501232150 0.0186277040786327
590.468156895825 0.826589510551535 0.154908664875312 0.0185018245731530
590.654994198924 0.823069260348133 0.158554882922209 0.0183758567296586
590.841949778434 0.819556462452135 0.162193479194292 0.0182500583535735
591.029023746702 0.816061204541543 0.165814117890541 0.0181246775679156
591.216216216216 0.812593220751383 0.169406826903586 0.0179999523450316
591.403527299609 0.809161872439474 0.172962017426995 0.0178761101335311
591.590957109656 0.805776132367130 0.176470500058269 0.0177533675746012
591.778505759273 0.802444572071297 0.179923497627133 0.0176319303015696
591.966173361522 0.799175352186301 0.183312654997885 0.0175119928158144
592.153960029608 0.795976215459740 0.186630046108133 0.0173937384321271
592.341865876878 0.792854482198811 0.189868178514679 0.0172773392865098
592.529891016824 0.789817047879659 0.193019995721227 0.0171629563991139
592.718035563082 0.786870382651930 0.196078877562386 0.0170507397856838
592.906299629434 0.784020532475016 0.199038638914693 0.0169408286102906
593.094683329803 0.781273121628225 0.201893526998666 0.0168333513731092
593.283186778260 0.778633356346656 0.204638217526586 0.0167284261267575
593.471810089021 0.776106029345302 0.207267809939377 0.0166261607153207
593.660553376445 0.773695525006598 0.209777821962980 0.0165266530304224
593.849416755037 0.771405825020238 0.212164183700336 0.0164299912794260
594.038400339451 0.769240514279450 0.214423231459937 0.0163362542606132
594.227504244482 0.767202786852702 0.216551701506012 0.0162455116412860
594.416728585076 0.765295451865957 0.218546723899202 0.0161578242348407
594.606073476322 0.763520939146747 0.220405816580047 0.0160732442732066
594.795539033457 0.761881304497423 0.222126879831009 0.0159918156715679
594.985125371866 0.760378234480917 0.223708191236238 0.0159135742828449
595.174832607078 0.759013050618882 0.225148401241678 0.0158385481394399
595.364660854774 0.757786712917751 0.226446529401856 0.0157667576803935
595.554610230778 0.756699822654316 0.227601961383284 0.0156982159624000
595.744680851064 0.755752624368160 0.228614446778308 0.0156329288535323
595.934872831755 0.754945007024307 0.229484097766970 0.0155708952087238
596.125186289121 0.754276504325128 0.230211388648401 0.0155121070264707
596.315621339581 0.753746294166492 0.230797156246840 0.0154565495866681
596.506178099702 0.753353197249423 0.231242601181035 0.0154042015695420
596.696856686201 0.753095674874812 0.231549289969007 0.0153550351561809
596.887657215945 0.752971825965521 0.231719157923130 0.0153090161113489
597.078579805950 0.752979383377320 0.231754512773048 0.0152661038496322
597.269624573379 0.753115709577785 0.231658038935998 0.0152262514862169
597.460791635549 0.753377791790338 0.231432802335745 0.0151894058739164
597.652081109925 0.753762236719185 0.231082255652354 0.0151555076284616
597.843493114124 0.754265264990083 0.230610243865702 0.0151244911442149
598.035027765912 0.754882705461462 0.230021009935703 0.0150962846028349
598.226685183207 0.755609989579997 0.229319200442136 0.0150708099778666
598.418465484078 0.756442145975112 0.228509870986602 0.0150479830382860
598.610368786745 0.757373795506635 0.227598491138845 0.0150277133545207
598.802395209581 0.758399146999629 0.226590948689737 0.0150099043106345
598.994544871109 0.759511993919306 0.225493552953917 0.0149944531267769
599.186817890006 0.760705712256987 0.224313036846803 0.0149812508962102
599.379214385101 0.761973259914689 0.223056557444098 0.0149701826412127
599.571734475375 0.763307177889853 0.221731694717332 0.0149611273928149
599.764378279962 0.764699593573612 0.220346448127189 0.0149539582991998
599.957145918149 0.766142226484318 0.218909230748045 0.0149485427676376
600.150037509377 0.767626396761977 0.217428860593000 0.0149447426450230
600.343053173242 0.769143036748427 0.215914548809499 0.0149424144420746
600.536193029491 0.770682705971723 0.214375884422321 0.0149414096059565
600.729457198026 0.772235609840061 0.212822815313884 0.0149415748460552
600.922845798906 0.773791622330325 0.211265625152512 0.0149427525171628
601.116358952340 0.775340312928040 0.209714906007945 0.0149447810640148
601.309996778697 0.776870978038668 0.208181526430802 0.0149474955305301
601.503759398496 0.778372677044536 0.206676594819261 0.0149507281362025
601.697646932417 0.779834273126267 0.205211417952197 0.0149543089215365
601.891659501290 0.781244478903248 0.203797454633370 0.0149580664633817
602.085797226105 0.782591906874349 0.202446264465990 0.0149618286596609
602.280060228006 0.783865124557803 0.201169451860061 0.0149654235821364
602.474448628295 0.785052714139871 0.199978605465874 0.0149686803942550
602.668962548429 0.786143336346085 0.198885233324269 0.0149714303296454
602.863602110023 0.787125798148220 0.197900694126080 0.0149735077257008
603.058367434848 0.787989123817566 0.197036125077635 0.0149747511047998
603.253258644835 0.788722628732158 0.196302366973611 0.0149750042942314
603.448275862069 0.789315995245096 0.195709887180206 0.0149741175746982
603.643419208796 0.789759349826953 0.195268701327505 0.0149719488455425
603.838688807419 0.790043340609241 0.194988294596845 0.0149683647939144
604.034084780498 0.790159214382794 0.194877543563465 0.0149632420537417
604.229607250755 0.790098892046300 0.194944639613925 0.0149564683397752
604.425256341069 0.789855041460409 0.195197014998302 0.0149479435412890
604.621032174476 0.789421146643409 0.195641272596662 0.0149375807599292
604.816934874177 0.788791572248570 0.196283120475447 0.0149253072759828
605.012964563526 0.787961622290823 0.197127312280807 0.0149110654283702
605.209121366044 0.786927592144539 0.198177594461689 0.0148948133937726
605.405405405405 0.785686812911872 0.199436661235837 0.0148765258522912
605.601816805450 0.784237687364398 0.200906118107662 0.0148561945279400
605.798355690178 0.782579716785365 0.202586454620111 0.0148338285945250
605.995022183746 0.780713518184239 0.204477026875997 0.0148094549397639
606.191816410479 0.778640831516359 0.206576050201263 0.0147831182823777
606.388738494857 0.776364516712297 0.208880602147660 0.0147548811400431
606.585788561525 0.773888540501523 0.211386635850005 0.0147248236484724
606.782966735291 0.771217953196574 0.214089003568877 0.0146930432345499
606.980273141123 0.768358855782317 0.216981490068325 0.0146596541493574
607.177707904153 0.765318357825702 0.220056855305265 0.0146247868690332
607.375271149675 0.762104526878239 0.223306885747589 0.0145885873741720
607.572963003146 0.758726330183990 0.226722453495859 0.0145512163201516
607.770783590189 0.755193569624650 0.230293582262702 0.0145128481126489
607.968733036587 0.751516810928568 0.234009519167398 0.0144736699040346
608.166811468289 0.747707308240043 0.237858811232738 0.0144338805272184
608.365019011407 0.743776925187853 0.241829385428081 0.0143936893840659
608.563355792219 0.739738053607471 0.245908631086634 0.0143533153058947
608.761821937167 0.735603531061325 0.250083483535668 0.0143129854030062
608.960417572858 0.731386558266087 0.254340507813837 0.0142729339200763
609.159142826063 0.727100617479319 0.258665981407823 0.0142334011128581
609.357997823722 0.722759392820998 0.263045975018113 0.0141946321608895
609.556982692936 0.718376693413288 0.267466430457609 0.0141568761291032
609.756097560976 0.713966380116458 0.271913234893458 0.0141203849900833
609.955342555277 0.709542296525457 0.276372290758126 0.0140854127164171
610.154717803443 0.705118204771639 0.280829580777028 0.0140522144513328
610.354223433243 0.700707726553170 0.285271227683293 0.0140210457635368
610.553859572612 0.696324289696749 0.289683548312642 0.0139921619906086
610.753626349656 0.691981080436587 0.294053101889927 0.0139658176734869
610.953523892647 0.687691001485779 0.298366732431576 0.0139422660826448
611.153552330023 0.683466635871520 0.302611605293045 0.0139217588354351
611.353711790393 0.679320216411906 0.306775237986043 0.0139045456020510
611.554002402534 0.675263600627076 0.310845525476143 0.0138908738967813
611.754424295390 0.671308250803923 0.314810760246563 0.0138809889495137
611.954977598077 0.667465218869318 0.318659647478867 0.0138751336518146
612.155662439878 0.663745135673234 0.322381315756025 0.0138735485707410
612.356478950246 0.660158204238815 0.325965323738450 0.0138764720227358
612.557427258806 0.656714196500433 0.329401663300305 0.0138841401992630
612.758507495350 0.653422453022649 0.332680759642233 0.0138967873351189
612.959719789842 0.650291885170756 0.335793468919356 0.0139146459098879
613.161064272419 0.647330979187084 0.338731073940702 0.0139379468722137
613.362541073385 0.644547801614099 0.341485278509887 0.0139669198760145
613.564150323217 0.641950005494710 0.344048200987975 0.0140017935173155
613.765892152565 0.639544836771407 0.346412367669252 0.0140427955593412
613.967766692249 0.637339140296284 0.348570706570643 0.0140901531330732
614.169774073262 0.635339364854193 0.350516542246566 0.0141440928992418
614.371914426769 0.633551566588557 0.352243592254426 0.0142048411570171
614.574187884109 0.631981410204467 0.353745965912567 0.0142726238829659
614.776594576792 0.630634167303837 0.355018166013228 0.0143476666829354
614.979134636503 0.629514711184296 0.356055094178420 0.0144301946372846
615.181808195101 0.628627507404287 0.356852060577287 0.0145204320184255
615.384615384615 0.627976599383284 0.357404798759662 0.0146186018570535
615.587556337254 0.627565588266783 0.357709486402027 0.0147249253311897
615.790631185397 0.627397606241931 0.357762772808861 0.0148396209492084
615.993840061599 0.627475282441693 0.357561814063433 0.0149629034948738
616.197183098592 0.627800700524554 0.357104316776363 0.0150949826990829
616.400660429279 0.628375346964829 0.356388591435869 0.0152360615993027
616.604272186743 0.629200049038476 0.355413616417850 0.0153863345436743
616.808018504241 0.630274901443872 0.354179113763307 0.0155459847928212
617.011899515205 0.631599180461268 0.352685637870348 0.0157151816683844
617.215915353246 0.633171244535039 0.350934678271880 0.0158940771930809
617.420066152150 0.634988420165540 0.348928777670523 0.0160828021639368
617.624352045881 0.637046872034009 0.346671666369040 0.0162814615969512
617.828773168579 0.639341456364049 0.344168414156054 0.0164901294798966
618.033329654564 0.641865556662674 0.341425600567836 0.0167088427694900
618.238021638331 0.644610901199056 0.338451504230229 0.0169375945707150
618.442849254556 0.647567361889529 0.335256311669525 0.0171763264409458
618.647812638091 0.650722734686354 0.331852345543798 0.0174249197698478
618.852911923970 0.654062502140817 0.328254311660127 0.0176831861990556
619.058147247402 0.657569579554714 0.324479563380065 0.0179508570652214
619.263518743780 0.661224047078138 0.320548381045411 0.0182275718764510
619.469026548673 0.665002871281357 0.316484262850723 0.0185128658679202
619.674670797831 0.668879621149221 0.312314222122354 0.0188061567284259
619.880451627186 0.672824185133666 0.308069084218983 0.0191067306473510
620.086369172849 0.676802497856502 0.303783774241116 0.0194137279023825
620.292423571112 0.680776287265449 0.299497584441610 0.0197261282929407
620.498614958449 0.684702855468611 0.295254407709242 0.0200427368221469
620.704943471514 0.688534909026781 0.291102920832394 0.0203621701408254
620.911409247145 0.692220457045501 0.287096698567389 0.0206828443871095
621.118012422360 0.695702797800697 0.283294237019174 0.0210029651801290
621.324753134362 0.698920616613237 0.279758862738144 0.0213205206486192
621.531631520533 0.701808218955959 0.276558502559038 0.0216332784850029
621.738647718441 0.704295922970610 0.273765288930146 0.0219387880992438
621.945801865837 0.706310634288093 0.271454976723216 0.0222343889886916
622.153094100656 0.707776622867425 0.269706150710522 0.0225172264220529
622.360524561014 0.708616516114117 0.268599208447728 0.0227842754381545
622.568093385214 0.708752514519032 0.268215111515224 0.0230323739657439
622.775800711744 0.708107825358108 0.268633909076953 0.0232582655649397
622.983646679275 0.706608296749193 0.269933051383333 0.0234586518674740
623.191631426664 0.704184219043511 0.272185526700802 0.0236302542556880
623.399755092954 0.700772243990103 0.275457872321461 0.0237698836884357
623.608017817372 0.696317355604832 0.279808127505224 0.0238745168899445
623.816419739334 0.690774811798690 0.285283811782675 0.0239413764186353
624.024960998440 0.684111964395134 0.291920024112847 0.0239680114920189
624.233641734478 0.676309859029238 0.299737765033290 0.0239523759374719
624.442462087422 0.667364517165184 0.308742583492537 0.0238928993422789
624.651422197435 0.657287811150931 0.318923641396168 0.0237885474529017
624.860522204865 0.646107860109280 0.330253271725031 0.0236388681656894
625.069762250251 0.633868898831187 0.342687081101541 0.0234440200672725
625.279142474319 0.620630601971466 0.356164616636556 0.0232047813919785
625.488663017983 0.606466879155039 0.370610582447420 0.0229225383975406
625.698324022347 0.591464189921049 0.385936556662175 0.0225992534167760
625.908125628703 0.575719457451317 0.402043128447469 0.0222374141012143
626.118067978533 0.559337683765167 0.418822349726161 0.0218399665086724
626.328151213511 0.542429384285975 0.436160380122166 0.0214102355918592
626.538375475498 0.525107965225776 0.453940197534621 0.0209518372396025
626.748740906547 0.507487163099641 0.472044250632395 0.0204685862679638
626.959247648903 0.489678652979543 0.490356942363346 0.0199644046571116
627.169895845000 0.471789912789329 0.508766853285911 0.0194432339247608
627.380685637464 0.453922407494876 0.527168637618046 0.0189089548870784
627.591617169114 0.436170132042469 0.545464550687430 0.0183653172701011
627.802690582960 0.418618527708039 0.563565591504363 0.0178158807875990
628.013906022205 0.401343765030016 0.581392266494711 0.0172639684752734
628.225263630245 0.384412368988983 0.598874998681747 0.0167126323292700
628.436763550668 0.367881149210335 0.615954220106493 0.0161646306831729
628.648405927256 0.351797389777108 0.632580193930409 0.0156224162924833
628.860190903987 0.336199249375338 0.648712616840618 0.0150881337840442
629.072118625028 0.321116322285419 0.664320052756778 0.0145636249578039
629.284189234745 0.306570313358082 0.679379246262189 0.0140504403797285
629.496402877698 0.292575784721494 0.693874359526050 0.0135498557524559
629.708759698639 0.279140937767926 0.707796170565221 0.0130628916668528
629.921259842520 0.266268400292358 0.721141264208386 0.0125903354992562
630.133903454484 0.253955994975128 0.733911240621494 0.0121327644033781
630.346690679874 0.242197471337722 0.746111960125774 0.0116905685365046
630.559621664227 0.230983188612044 0.757752837544972 0.0112639738429844
630.772696553278 0.220300741519022 0.768846194594319 0.0108530638866593
630.985915492958 0.210135524711257 0.779406674916688 0.0104578003720548
631.199278629396 0.200471234618703 0.789450723261386 0.0100780421199107
631.412786108919 0.191290309709558 0.798996127924593 0.00971356236584875
631.626438078051 0.182574311828068 0.808061623839075 0.00936406433285686
631.840234683516 0.174304252393806 0.816666552515341 0.00902919509085257
632.054176072235 0.166460867939969 0.824830574297515 0.00870855776251595
632.268262391329 0.159024849822395 0.832573428011040 0.00840172216656554
632.482493788118 0.151977033026840 0.839914732963090 0.00810823401007074
632.696870410123 0.145298548908961 0.846873828338071 0.00782762275296769
632.911392405063 0.138970946476503 0.853469645251131 0.00755940827236656
633.126059920859 0.132976286512526 0.859720607033722 0.00730310645375273
633.340873105632 0.127297212478011 0.865644553690212 0.00705823383177717
633.555832107705 0.121917001749082 0.871258686854334 0.00682431139658486
633.770937075600 0.116819600358127 0.876579531968561 0.00660086767331199
633.986188158044 0.111989644033579 0.881622914793231 0.00638744117319028
634.201585503964 0.107412467979010 0.886403949715702 0.00618358230528776
634.417129262490 0.103074107504561 0.890937037667008 0.00598885482843033
634.632819582956 0.0989612913251517 0.895235871760854 0.00580283691399471
634.848656614896 0.0950614290719947 0.899313449046338 0.00562512188166701
635.064640508052 0.0913625943256727 0.903182087011894 0.00545531866243297
635.280771412365 0.0878535042696407 0.906853443694398 0.00529305203596174
635.497049477985 0.0845234968803068 0.910338540436613 0.00513796268308009
635.713474855262 0.0813625064117478 0.913647786500033 0.00498970708821939
635.930047694754 0.0783610377971411 0.916791004881192 0.00484795732166703
636.146768147223 0.0755101404729131 0.919777458800112 0.00471240072697460
636.363636363636 0.0728013820329834 0.922615878432161 0.00458273953485579
636.580652495169 0.0702268220372248 0.925314487541148 0.00445869042162748
636.797816693200 0.0677789862283716 0.927881029744464 0.00433998402716479
637.015129109316 0.0654508413532530 0.930322794201877 0.00422636444487036
637.232589895312 0.0632357707357710 0.932646640570236 0.00411758869399327
637.450199203187 0.0611275507090944 0.934859023108225 0.00401342618268049
637.667957185152 0.0591203279817514 0.936966013849592 0.00391365816865644
637.885863993621 0.0572085979856649 0.938973324791276 0.00381807722305927
638.103919781222 0.0553871842326361 0.940886329065596 0.00372648670176832
638.322124700787 0.0536512186885574 0.942710081083727 0.00363870022771542
638.540478905359 0.0519961231610410 0.944449335652177 0.00355454118678189
638.758982548192 0.0504175916855274 0.946108566075199 0.00347384223927357
638.977635782748 0.0489115738867836 0.947691981264823 0.00339644484839374
639.196438762698 0.0474742592866261 0.949203541886678 0.00332219882669580
639.415391641927 0.0461020625242449 0.950646975574637 0.00325096190111825
639.634494574529 0.0447916094524810 0.952025791250617 0.00318259929690176
639.853747714808 0.0435397240714160 0.953343292588126 0.00311698334045816
640.073151217282 0.0423434162595759 0.954602590659400 0.00305399308102403
640.292705236680 0.0411998702626624 0.955806615806467 0.00299351393087018
640.512409927943 0.0401064338999225 0.956958128776480 0.00293543732359713
640.732265446224 0.0390606084488654 0.958059731161086 0.00287966039004906
640.952271946893 0.0380600391699797 0.959113875178728 0.00282608565129237
641.172429585528 0.0371025064342862 0.960122872837702 0.00277462072801232
641.392738517925 0.0361859174179161 0.961088904516363 0.00272517806572058
641.613198900092 0.0353082983293842 0.962014026995534 0.00267767467508209
641.833810888252 0.0344677871367873 0.962900180976502 0.00263203188671023
642.054574638844 0.0336626267637465 0.963749198116508 0.00258817511974515
642.275490308522 0.0328911587245191 0.964562807611913 0.00254603366356816
642.496558054153 0.0321518171703140 0.965342642357714 0.00250554047197217
642.717778032825 0.0314431233203960 0.966090244710398 0.00246663196920655
642.939150401837 0.0307636802531211 0.966807071879663 0.00242924786721616
643.160675318709 0.0301121680335123 0.967494500972962 0.00239333099352599
643.382352941177 0.0294873391554081 0.968153833715403 0.00235882712918878
643.604183427192 0.0288880142775917 0.968786300866163 0.00232568485624499
643.826166934928 0.0283130782346187 0.969393066351211 0.00229385541417078
644.048303622772 0.0277614763042725 0.969975231130892 0.00226329256483600
644.270593649333 0.0272322107147810 0.970533836819746 0.00223395246547291
644.493037173438 0.0267243373760192 0.971069869074753 0.00220579354922741
644.715634354133 0.0262369628199675 0.971584260767167 0.00217877641286554
644.938385350685 0.0257692413366913 0.972077894952080 0.00215286371122917
645.161290322581 0.0253203722930190 0.972551607648912 0.00212802005806860
645.384349429526 0.0248895976219741 0.973006190445127 0.00210421193289944
645.607562831450 0.0244761994718232 0.973442392934637 0.00208140759353999
645.830930688502 0.0240794980043727 0.973860925001606 0.00205957699402119
646.054453161052 0.0236988493328426 0.974262458959581 0.00203869170757606
646.278130409694 0.0233336435903348 0.974647631555238 0.00201872485442734
646.501962595244 0.0229833031205174 0.975017045845366 0.00199965103411695
646.725949878739 0.0226472807827345 0.975371272955128 0.00198144626213797
646.950092421442 0.0223250583642993 0.975710853725066 0.00196408791063453
647.174390384838 0.0220161450932242 0.976036300253802 0.00194755465297420
647.398843930636 0.0217200762451209 0.976348097342901 0.00193182641197800
647.623453220770 0.0214364118384469 0.976646703849908 0.00191688431164536
647.848218417399 0.0211647354126821 0.976932553955135 0.00190271063218347
648.073139682907 0.0209046528844022 0.977206058347386 0.00188928876821148
648.298217179903 0.0206557914765846 0.977467605333451 0.00187660318996457
648.523451071222 0.0204177987168033 0.977717561875811 0.00186463940738613
648.748841519926 0.0201903415002984 0.977956274562719 0.00185338393698266
648.974388689304 0.0199731052141850 0.978184070514497 0.00184282427131808
649.200092742870 0.0197657929193509 0.978401258229591 0.00183294885105863
649.425953844370 0.0195681245868438 0.978608128373691 0.00182374703946519
649.651972157773 0.0193798363857943 0.978804954514941 0.00181520909926498
649.878147847279 0.0192006800201418 0.978991993808054 0.00180732617180425
650.104481077316 0.0190304221116509 0.979169487629908 0.00180009025844082
650.330972012542 0.0188688436268964 0.979337662168994 0.00179349420410918
650.557620817844 0.0187157393460985 0.979496728970900 0.00178753168300160
650.784427658338 0.0185709173718529 0.979646885441809 0.00178219718633807
651.011392699372 0.0184341986759833 0.979788315311832 0.00177748601218426
651.238516106524 0.0183054166828975 0.979921189059801 0.00177339425730145
651.465798045603 0.0181844168879890 0.980045664301023 0.00176991881098794
651.693238682649 0.0180710565097631 0.980161886139296 0.00176705735094089
651.920838183935 0.0179652041745207 0.980269987484376 0.00176480834110289
652.148596715966 0.0178667396325599 0.980370089335922 0.00176317103151825
652.376514445480 0.0177755535049940 0.980462301034797 0.00176214546020871
652.604591539448 0.0176915470604050 0.980546720482498 0.00176173245709730
652.832828165074 0.0176146320206884 0.980623434329304 0.00176193365000794
653.061224489796 0.0175447303955644 0.980692518131657 0.00176275147277824
653.289780681288 0.0174817743453463 0.980754036479100 0.00176418917555412
653.518496907457 0.0174257060716916 0.980808043091011 0.00176625083729701
653.747373336447 0.0173764777361749 0.980854580883214 0.00176894138061157
653.976410136634 0.0173340514066480 0.980893682004419 0.00177226658893338
654.205607476636 0.0172983990314757 0.980925367842309 0.00177623312621509
654.434965525301 0.0172695024418670 0.980949648998958 0.00178084855917534
654.664484451719 0.0172473533826496 0.980966525235094 0.00178612138225629
654.894164425214 0.0172319535719732 0.980975985382622 0.00179206104540463
655.124005615349 0.0172233147905628 0.980978007224601 0.00179867798483625
655.354008191925 0.0172214590013015 0.980972557341752 0.00180598365694632
655.584172324982 0.0172264185000660 0.980959590924412 0.00181399057552211
655.814498184799 0.0172382360989094 0.980939051548587 0.00182271235250333
656.044985941893 0.0172569653428524 0.980910870914689 0.00183216374245876
656.275635767022 0.0172826707617421 0.980874968547198 0.00184236069106046
656.506447831184 0.0173154281588210 0.980831251453381 0.00185332038779852
656.737422305618 0.0173553249378750 0.980779613738881 0.00186506132324430
656.968559361802 0.0174024604710525 0.980719936177787 0.00187760335116099
657.199859171459 0.0174569465096993 0.980652085734456 0.00189096775584450
657.431321906551 0.0175189076408268 0.980575915034119 0.00190517732505416
657.662947739284 0.0175884817921176 0.980491261778908 0.00192025642897443
657.894736842105 0.0176658207887088 0.980397948105625 0.00193623110566613
658.126689387707 0.0177510909653300 0.980295779881147 0.00195312915352343
658.358805549024 0.0178444738377721 0.980184545930927 0.00197098023130090
658.591085499236 0.0179461668380778 0.980064017195605 0.00198981596631728
658.823529411765 0.0180563841183168 0.979933945810137 0.00200967007154623
659.056137460280 0.0181753574283244 0.979794064099377 0.00203057847229900
659.288909818696 0.0183033370733439 0.979644083483297 0.00205257944335934
659.521846661171 0.0184405929581500 0.979483693284384 0.00207571375746567
659.754948162111 0.0185874157249225 0.979312559428945 0.00210002484613291
659.988214496170 0.0187441179929134 0.979130323033153 0.00212555897393390
660.221645838246 0.0189110357088077 0.978936598863740 0.00215236542745238
660.455242363486 0.0190885296176358 0.978730973662128 0.00218049672023642
660.689004247286 0.0192769868651604 0.978513004319561 0.00221000881527879
660.922931665290 0.0194768227438372 0.978282215889516 0.00224096136664699
661.157024793389 0.0196884825957933 0.978038099422120 0.00227341798208667
661.391283807724 0.0199124438877283 0.977780109603633 0.00230744650863873
661.625708884688 0.0201492184743154 0.977507662182168 0.00234311934351624
661.860300200922 0.0203993550685395 0.977220131158728 0.00238051377273265
662.095057933318 0.0206634419394909 0.976916845720234 0.00241971234027557
662.329982259018 0.0209421098604853 0.976597086888617 0.00246080325089744
662.565073355419 0.0212360353330209 0.976260083856975 0.00250388081000462
662.800331400166 0.0215459441150542 0.975905009980461 0.00254904590448492
663.035756571158 0.0218726150854430 0.975530978385802 0.00259640652875520
663.271349046548 0.0222168844801781 0.975137037158932 0.00264607836089018
663.507109004739 0.0225796505403346 0.974722164065480 0.00269818539418515
663.743036624393 0.0229618786165087 0.974285260753294 0.00275286063019760
663.979132084420 0.0233646067800183 0.973825146379883 0.00281024684009902
664.215395563990 0.0237889519973968 0.973340550600704 0.00287049740189928
664.451827242525 0.0242361169318060 0.972830105846020 0.00293377722217401
664.688427299703 0.0247073974430745 0.972292338804966 0.00300026375195984
664.925195915460 0.0252041908672902 0.971725661025014 0.00307014810769627
665.162133269985 0.0257280051673680 0.971128358523043 0.00314363630958891
665.399239543726 0.0262804690580317 0.970498580290667 0.00322095065130119
665.636514917390 0.0268633432223827 0.969834325560860 0.00330233121675746
665.873959571938 0.0274785327529411 0.969133429685071 0.00338803756198764
666.111573688593 0.0281281009680921 0.968393548449576 0.00347835058233173
666.349357448834 0.0288142847755651 0.967612140636336 0.00357357458809937
666.587311034401 0.0295395117783643 0.966786448606614 0.00367403961502206
666.825434627292 0.0303064193459361 0.965913476654594 0.00378010399946994
667.063728409768 0.0311178759048871 0.964989966842444 0.00389215725266849
667.302192564347 0.0319770047398996 0.964012371987088 0.00401062327301240
667.540827273811 0.0328872106374151 0.962976825421350 0.00413596394123513
667.779632721202 0.0338522097530643 0.961879107097280 0.00426868314965615
668.018609089825 0.0348760631397346 0.960714605536006 0.00440933132425946
668.257756563246 0.0359632144378056 0.959478275055164 0.00455851050703005
668.497075325295 0.0371185323037868 0.958164587620229 0.00471688007598395
668.736565560067 0.0383473582399511 0.956767478568112 0.00488516319193651
668.976227451917 0.0396555605873539 0.955280285338249 0.00506415407439750
669.216061185468 0.0410495955598151 0.953695678215746 0.00525472622443907
669.456066945607 0.0425365763292981 0.952005581940498 0.00545784173020397
669.696244917484 0.0441243513259725 0.950201086862915 0.00567456181111222
669.936595286518 0.0458215930916817 0.948272348127936 0.00590605878038229
670.177118238392 0.0476378992260675 0.946208471141703 0.00615362963222989
670.417813959057 0.0495839071926579 0.943997381316749 0.00641871149059275
